# Created by Octave 4.4.0, Tue May 14 21:18:28 2019 GMT <unknown@Deucalion>
# name: mesh_vals
# type: matrix
# ndims: 4
 5 5 5 5
 5.9515902220075778e-005
 4.7752497883927362e-016
 4.7752497883927362e-016
 5.9515902220075778e-005
 0.74740448013593996
 2.3009449402916392e-013
 2.7367955887840439e-010
 2.7367955887840439e-010
 2.3009449402916392e-013
 0.24430564433472218
 2.0975375320685443e-014
 0
 0
 2.0975375320685443e-014
 0.24432983695746016
 6.9303583825217433e-006
 3.1659763263590824e-015
 3.1659763263590824e-015
 6.9303583825217433e-006
 0.44834863988922824
 0.759876257322603
 1.6812191556233225e-008
 1.6812191556233225e-008
 0.759876257322603
 0.92896772930114058
 5.9515902220075778e-005
 4.7752497883927362e-016
 4.7752497883927362e-016
 5.9515902220075778e-005
 0.74740448013593996
 2.3009449402916392e-013
 2.7367955887840439e-010
 2.7367955887840439e-010
 2.3009449402916392e-013
 0.24430564433472218
 2.0975375320685443e-014
 0
 0
 2.0975375320685443e-014
 0.24432983695746016
 6.9303583825217433e-006
 3.1659763263590824e-015
 3.1659763263590824e-015
 6.9303583825217433e-006
 0.44834863988922824
 0.759876257322603
 1.6812191556233225e-008
 1.6812191556233225e-008
 0.759876257322603
 0.92896772930114058
 5.9515902220075778e-005
 4.7752497883927362e-016
 4.7752497883927362e-016
 5.9515902220075778e-005
 0.74740448013593996
 2.3009449402916392e-013
 2.7367955887840439e-010
 2.7367955887840439e-010
 2.3009449402916392e-013
 0.24430564433472218
 2.0975375320685443e-014
 0
 0
 2.0975375320685443e-014
 0.24432983695746016
 6.9303583825217433e-006
 3.1659763263590824e-015
 3.1659763263590824e-015
 6.9303583825217433e-006
 0.44834863988922824
 0.759876257322603
 1.6812191556233225e-008
 1.6812191556233225e-008
 0.759876257322603
 0.92896772930114058
 5.9515902220075778e-005
 4.7752497883927362e-016
 4.7752497883927362e-016
 5.9515902220075778e-005
 0.74740448013593996
 2.3009449402916392e-013
 2.7367955887840439e-010
 2.7367955887840439e-010
 2.3009449402916392e-013
 0.24430564433472218
 2.0975375320685443e-014
 0
 0
 2.0975375320685443e-014
 0.24432983695746016
 6.9303583825217433e-006
 3.1659763263590824e-015
 3.1659763263590824e-015
 6.9303583825217433e-006
 0.44834863988922824
 0.759876257322603
 1.6812191556233225e-008
 1.6812191556233225e-008
 0.759876257322603
 0.92896772930114058
 5.9515902220075778e-005
 4.7752497883927362e-016
 4.7752497883927362e-016
 5.9515902220075778e-005
 0.74740448013593996
 2.3009449402916392e-013
 2.7367955887840439e-010
 2.7367955887840439e-010
 2.3009449402916392e-013
 0.24430564433472218
 2.0975375320685443e-014
 0
 0
 2.0975375320685443e-014
 0.24432983695746016
 6.9303583825217433e-006
 3.1659763263590824e-015
 3.1659763263590824e-015
 6.9303583825217433e-006
 0.44834863988922824
 0.759876257322603
 1.6812191556233225e-008
 1.6812191556233225e-008
 0.759876257322603
 0.92896772930114058
 3.2957919968262575e-016
 0
 0
 0
 2.1753864136261637e-006
 0.33317038645289881
 0.062803139002060554
 0.062803139002060554
 0.33317038645289881
 0.028932474551926775
 0.12946914038779492
 4.7863978971719563e-008
 4.7863978971719563e-008
 0.12946914038779492
 0.19898271661901745
 0.39940724496166619
 0.59191837677424142
 0.59191837677424142
 0.39940724496145147
 0.48530795975597896
 0.92598731454889183
 0.48058824908663966
 0.48058824908663966
 0.92598731454889183
 0.86202095311585847
 3.2957919968262575e-016
 0
 0
 0
 2.1753864136261637e-006
 0.33317038645289881
 0.062803139002060554
 0.062803139002060554
 0.33317038645289881
 0.028932474551926775
 0.12946914038779492
 4.7863978971719563e-008
 4.7863978971719563e-008
 0.12946914038779492
 0.19898271661901745
 0.39940724496166619
 0.59191837677424142
 0.59191837677424142
 0.39940724496145147
 0.48530795975597896
 0.92598731454889183
 0.48058824908663966
 0.48058824908663966
 0.92598731454889183
 0.86202095311585847
 3.2957919968262575e-016
 0
 0
 0
 2.1753864136261637e-006
 0.33317038645289881
 0.062803139002060554
 0.062803139002060554
 0.33317038645289881
 0.028932474551926775
 0.12946914038779492
 4.7863978971719563e-008
 4.7863978971719563e-008
 0.12946914038779492
 0.19898271661901745
 0.39940724496166619
 0.59191837677424142
 0.59191837677424142
 0.39940724496145147
 0.48530795975597896
 0.92598731454889183
 0.48058824908663966
 0.48058824908663966
 0.92598731454889183
 0.86202095311585847
 3.2957919968262575e-016
 0
 0
 0
 2.1753864136261637e-006
 0.33317038645289881
 0.062803139002060554
 0.062803139002060554
 0.33317038645289881
 0.028932474551926775
 0.12946914038779492
 4.7863978971719563e-008
 4.7863978971719563e-008
 0.12946914038779492
 0.19898271661901745
 0.39940724496166619
 0.59191837677424142
 0.59191837677424142
 0.39940724496145147
 0.48530795975597896
 0.92598731454889183
 0.48058824908663966
 0.48058824908663966
 0.92598731454889183
 0.86202095311585847
 3.2957919968262575e-016
 0
 0
 0
 2.1753864136261637e-006
 0.33317038645289881
 0.062803139002060554
 0.062803139002060554
 0.33317038645289881
 0.028932474551926775
 0.12946914038779492
 4.7863978971719563e-008
 4.7863978971719563e-008
 0.12946914038779492
 0.19898271661901745
 0.39940724496166619
 0.59191837677424142
 0.59191837677424142
 0.39940724496145147
 0.48530795975597896
 0.92598731454889183
 0.48058824908663966
 0.48058824908663966
 0.92598731454889183
 0.86202095311585847
 1.6656958984559161e-016
 0
 0
 2.893643555488123e-015
 3.8830483619073181e-013
 0.0050043078393554995
 0.028602396903375071
 0.028602396903375071
 0.0050043078393554995
 0.25752354623385748
 1.2663210193059493
 1.5205068232438044e-011
 1.5205068232438044e-011
 1.2663210193059493
 0.080063938378276911
 0.35968375449124257
 0.25257602962923503
 0.25257602962923503
 0.35968375449115508
 0.23107362057550948
 0.77021949326486372
 0.16474433916364026
 0.16474433916364026
 0.77021949326486372
 0.7902007844255986
 1.6656958984559161e-016
 0
 0
 2.893643555488123e-015
 3.8830483619073181e-013
 0.0050043078393554995
 0.028602396903375071
 0.028602396903375071
 0.0050043078393554995
 0.25752354623385748
 1.2663210193059493
 1.5205068232438044e-011
 1.5205068232438044e-011
 1.2663210193059493
 0.080063938378276911
 0.35968375449124257
 0.25257602962923503
 0.25257602962923503
 0.35968375449115508
 0.23107362057550948
 0.77021949326486372
 0.16474433916364026
 0.16474433916364026
 0.77021949326486372
 0.7902007844255986
 1.6656958984559161e-016
 0
 0
 2.893643555488123e-015
 3.8830483619073181e-013
 0.0050043078393554995
 0.028602396903375071
 0.028602396903375071
 0.0050043078393554995
 0.25752354623385748
 1.2663210193059493
 1.5205068232438044e-011
 1.5205068232438044e-011
 1.2663210193059493
 0.080063938378276911
 0.35968375449124257
 0.25257602962923503
 0.25257602962923503
 0.35968375449115508
 0.23107362057550948
 0.77021949326486372
 0.16474433916364026
 0.16474433916364026
 0.77021949326486372
 0.7902007844255986
 1.6656958984559161e-016
 0
 0
 2.893643555488123e-015
 3.8830483619073181e-013
 0.0050043078393554995
 0.028602396903375071
 0.028602396903375071
 0.0050043078393554995
 0.25752354623385748
 1.2663210193059493
 1.5205068232438044e-011
 1.5205068232438044e-011
 1.2663210193059493
 0.080063938378276911
 0.35968375449124257
 0.25257602962923503
 0.25257602962923503
 0.35968375449115508
 0.23107362057550948
 0.77021949326486372
 0.16474433916364026
 0.16474433916364026
 0.77021949326486372
 0.7902007844255986
 1.6656958984559161e-016
 0
 0
 2.893643555488123e-015
 3.8830483619073181e-013
 0.0050043078393554995
 0.028602396903375071
 0.028602396903375071
 0.0050043078393554995
 0.25752354623385748
 1.2663210193059493
 1.5205068232438044e-011
 1.5205068232438044e-011
 1.2663210193059493
 0.080063938378276911
 0.35968375449124257
 0.25257602962923503
 0.25257602962923503
 0.35968375449115508
 0.23107362057550948
 0.77021949326486372
 0.16474433916364026
 0.16474433916364026
 0.77021949326486372
 0.7902007844255986
 1.6784678548187311e-005
 0
 0
 1.6784678639363178e-005
 0.49239234960701189
 0
 5.895185599578119e-015
 5.895185599578119e-015
 4.0412728104402651e-016
 0.065444690402796046
 5.0744145826348626e-016
 0
 0
 9.9707052401178526e-015
 0.12932269538530369
 0.0071431457520608347
 1.2669835047099888e-014
 1.2669835047099888e-014
 0.0071431452828457035
 0.52018370509365397
 0.88973253980348199
 1.522787975533218e-007
 1.522787975533218e-007
 0.88973253980348199
 1.012017307163948
 1.6784678548187311e-005
 0
 0
 1.6784678639363178e-005
 0.49239234960701189
 0
 5.895185599578119e-015
 5.895185599578119e-015
 4.0412728104402651e-016
 0.065444690402796046
 5.0744145826348626e-016
 0
 0
 9.9707052401178526e-015
 0.12932269538530369
 0.0071431457520608347
 1.2669835047099888e-014
 1.2669835047099888e-014
 0.0071431452828457035
 0.52018370509365397
 0.88973253980348199
 1.522787975533218e-007
 1.522787975533218e-007
 0.88973253980348199
 1.012017307163948
 1.6784678548187311e-005
 0
 0
 1.6784678639363178e-005
 0.49239234960701189
 0
 5.895185599578119e-015
 5.895185599578119e-015
 4.0412728104402651e-016
 0.065444690402796046
 5.0744145826348626e-016
 0
 0
 9.9707052401178526e-015
 0.12932269538530369
 0.0071431457520608347
 1.2669835047099888e-014
 1.2669835047099888e-014
 0.0071431452828457035
 0.52018370509365397
 0.88973253980348199
 1.522787975533218e-007
 1.522787975533218e-007
 0.88973253980348199
 1.012017307163948
 1.6784678548187311e-005
 0
 0
 1.6784678639363178e-005
 0.49239234960701189
 0
 5.895185599578119e-015
 5.895185599578119e-015
 4.0412728104402651e-016
 0.065444690402796046
 5.0744145826348626e-016
 0
 0
 9.9707052401178526e-015
 0.12932269538530369
 0.0071431457520608347
 1.2669835047099888e-014
 1.2669835047099888e-014
 0.0071431452828457035
 0.52018370509365397
 0.88973253980348199
 1.522787975533218e-007
 1.522787975533218e-007
 0.88973253980348199
 1.012017307163948
 1.6784678548187311e-005
 0
 0
 1.6784678639363178e-005
 0.49239234960701189
 0
 5.895185599578119e-015
 5.895185599578119e-015
 4.0412728104402651e-016
 0.065444690402796046
 5.0744145826348626e-016
 0
 0
 9.9707052401178526e-015
 0.12932269538530369
 0.0071431457520608347
 1.2669835047099888e-014
 1.2669835047099888e-014
 0.0071431452828457035
 0.52018370509365397
 0.88973253980348199
 1.522787975533218e-007
 1.522787975533218e-007
 0.88973253980348199
 1.012017307163948
 1.3672438525262642e-016
 0
 0
 1.3672438525262642e-016
 0.33053152839485672
 0.67723685478071793
 0.24730398957853553
 0.24730398957853553
 0.67723685478421281
 0.16645763400227229
 0.2582525656569053
 1.1609015676215397
 1.1609015676215397
 0.2582525656569053
 0.43687841348668904
 0.62976211253258785
 2.8454463885753702e-011
 2.8454463885753702e-011
 0.62976211253222736
 0.78007449877952439
 1.8862397640271431e-012
 0
 0
 2.3456920332312939e-012
 1.1067198498600683
 1.3672438525262642e-016
 0
 0
 1.3672438525262642e-016
 0.33053152839485672
 0.67723685478071793
 0.24730398957853553
 0.24730398957853553
 0.67723685478421281
 0.16645763400227229
 0.2582525656569053
 1.1609015676215397
 1.1609015676215397
 0.2582525656569053
 0.43687841348668904
 0.62976211253258785
 2.8454463885753702e-011
 2.8454463885753702e-011
 0.62976211253222736
 0.78007449877952439
 1.8862397640271431e-012
 0
 0
 2.3456920332312939e-012
 1.1067198498600683
 1.3672438525262642e-016
 0
 0
 1.3672438525262642e-016
 0.33053152839485672
 0.67723685478071793
 0.24730398957853553
 0.24730398957853553
 0.67723685478421281
 0.16645763400227229
 0.2582525656569053
 1.1609015676215397
 1.1609015676215397
 0.2582525656569053
 0.43687841348668904
 0.62976211253258785
 2.8454463885753702e-011
 2.8454463885753702e-011
 0.62976211253222736
 0.78007449877952439
 1.8862397640271431e-012
 0
 0
 2.3456920332312939e-012
 1.1067198498600683
 1.3672438525262642e-016
 0
 0
 1.3672438525262642e-016
 0.33053152839485672
 0.67723685478071793
 0.24730398957853553
 0.24730398957853553
 0.67723685478421281
 0.16645763400227229
 0.2582525656569053
 1.1609015676215397
 1.1609015676215397
 0.2582525656569053
 0.43687841348668904
 0.62976211253258785
 2.8454463885753702e-011
 2.8454463885753702e-011
 0.62976211253222736
 0.78007449877952439
 1.8862397640271431e-012
 0
 0
 2.3456920332312939e-012
 1.1067198498600683
 1.3672438525262642e-016
 0
 0
 1.3672438525262642e-016
 0.33053152839485672
 0.67723685478071793
 0.24730398957853553
 0.24730398957853553
 0.67723685478421281
 0.16645763400227229
 0.2582525656569053
 1.1609015676215397
 1.1609015676215397
 0.2582525656569053
 0.43687841348668904
 0.62976211253258785
 2.8454463885753702e-011
 2.8454463885753702e-011
 0.62976211253222736
 0.78007449877952439
 1.8862397640271431e-012
 0
 0
 2.3456920332312939e-012
 1.1067198498600683


