# Created by Octave 4.4.0, Tue May 14 20:54:11 2019 GMT <unknown@Deucalion>
# name: mesh_vals
# type: matrix
# ndims: 4
 8 8 8 8
 0
 0
 3.4430242219382831e-012
 0.33705674446718131
 0.041150728781369106
 0
 0
 0
 0
 0
 0
 0
 0
 0.0037326825497846698
 0
 0
 0
 0
 0
 0.0010204370385647934
 0
 0
 0
 0
 0
 7.2645307440593156e-012
 1.8734628042477673e-015
 1.0633361259197564e-007
 0
 1.3971073020377051e-014
 4.7146094932838248e-015
 0.77655447213691564
 1.0466180340021505e-005
 2.7779179502341193e-015
 0.0075271209515994199
 0.0017231672374218585
 7.4142333007312831e-016
 1.9199557061445896e-015
 9.4490392258775901e-014
 5.4068114066381969e-005
 2.2383776768251393e-011
 0.011479174989766248
 6.3807756735149803e-010
 1.1774899621089068
 0.01456927016838431
 0.041680167638458915
 0.00040192363338226248
 0.0012471004279042597
 0
 2.4623429217820315e-010
 2.99911763468093e-010
 0.23459693615493729
 0
 0
 8.9782868276745038e-014
 0.13023626341985356
 0
 0
 0.59552190668875871
 0.0069531972470816359
 0.59871049860483716
 0
 0
 0
 0
 0
 0
 0
 0
 0
 6.4937922483158278e-014
 0
 0
 0
 0
 0
 0
 0
 0
 1.4905545222651586e-015
 0
 0
 3.2935706791818919e-015
 0
 0
 0
 0
 8.5638433125709367e-016
 0
 0
 0
 0
 0
 0
 0
 0
 0
 0
 0
 0
 0
 0
 0
 0
 8.653643805492883e-011
 0
 0
 0
 0
 0
 0
 0
 4.6111025347562034e-016
 0
 0
 0
 0
 0.0020849903847004487
 0
 0
 2.1220814625707581e-013
 0
 0
 0
 0
 0
 0
 0
 3.487305586150878e-012
 0
 0.0038428324453826765
 0.71473414317340578
 0.14670088385806118
 0
 0
 3.4446842945745824e-012
 0.067777267988178944
 2.1140540286775024e-014
 0
 2.2847407995803733e-015
 0
 0
 0
 0
 1.6473742770519325e-009
 2.8031333659859361e-005
 2.1789066740124867e-012
 5.2764402753074486e-016
 3.7749895245657303e-006
 0
 0
 0.016450138264076826
 0
 0
 0
 0.020510193145780474
 0
 0
 0
 0.18871613767491974
 0
 3.6586260289964045e-007
 2.2870908171769737e-006
 0
 1.2385088895058338
 2.0999600301281662e-007
 1.8598838278251473e-008
 0
 0
 7.4540645889052873e-016
 0
 0
 7.2590387639475611e-010
 5.1881075417743354e-014
 7.1482232691164731e-010
 1.9585665686402973e-015
 0
 0
 0
 5.2024678074407285e-015
 0
 0
 0
 5.0898761517270087e-015
 0
 3.6297332677880701e-005
 0.080969417749919712
 0.16195311452128797
 0.91110954532565402
 0
 0
 0
 0.33705674446716477
 0
 0.71473414317333861
 0.0054890295896091257
 0.0094262733155667348
 0.073048000690935588
 0
 0.04160048098286958
 0
 0.011664958083546333
 6.3653619632809965e-010
 0
 0.26040705064734765
 3.7097068631649903e-015
 2.498523733993729e-014
 0.014395715068430508
 5.2308918111563641e-015
 8.5601867917582218e-010
 0
 0.85763282945186048
 5.5505358518194709e-013
 1.2122656606009598e-009
 0.91067337814192861
 0.14434481442835639
 0
 0.027713408477795926
 0
 0.050461876108161316
 8.5372677692361953e-015
 0.00093118362640280769
 0
 0.028090142408110447
 0.001424507291896613
 1.6610065603673348e-015
 4.7251060449489646e-012
 0.89568306481025006
 0.99342188645316964
 0.76043448005025427
 1.1974856219252288
 1.0308564198008128
 6.4137806904431795e-012
 4.3958207786516974e-015
 0
 3.7409446927619024e-008
 1.4005123247874061e-010
 0.90036977549046049
 0.054711286254273572
 0.82680755484435708
 0
 0
 0.067567556107953022
 0
 1.6401643046719713e-015
 0
 0.23459693626359007
 6.9553644034488677e-010
 0
 1.0542728774000754
 0.19585454975543989
 0.8304153540135496
 0.89408835687169463
 0.00043709793532360715
 0
 0
 0.041150728781548657
 0
 0.14670088385798624
 0.0094262733156426463
 0.016621238184037882
 0.87116640617224672
 1.5060207043818653e-014
 0.76182707283792783
 2.2901293466866277e-015
 0.004825557141308493
 1.9204603808223103e-008
 1.2862071025468442e-008
 0.030662452225927853
 7.1254703815894503e-016
 1.4280270338082968e-009
 0.00080312404558373829
 1.5770695411408168e-014
 3.472819350082391e-015
 0.24229070099477701
 1.1162215601314416
 2.1691507883660579e-010
 0.00093886688071247192
 0.99215869317169536
 1.9510017791091153e-015
 0
 0.019257554990471094
 0
 0.086822470268465235
 0
 0.01682300311119183
 0
 0.15025402122032039
 0.7306144729277485
 2.6168790928599543e-015
 3.0094970801447537e-014
 0.02129990139214108
 0.85373072785249082
 1.2928317817113542
 0.66716194100566828
 0.12594758957441099
 0
 9.2236452210883194e-009
 0
 1.0660453750117863e-014
 2.3000420357634338e-010
 0.95133043730103439
 0.072001545633742808
 1.0542684062330756
 0
 0
 4.8750436659969458e-016
 0.067567556105723653
 0
 0
 8.3258554589775406e-011
 5.5959477278494317e-008
 0
 0.0012014943833019078
 1.2392966636478413
 0.76202465993264001
 0.29938176382942272
 1.1654951242311986
 0
 0
 0
 0
 0
 0.073048000690959403
 0.87116640617245
 0.0072195458360335271
 0
 0
 3.2551729320504187e-009
 0
 3.0284423691693624e-008
 0
 2.6484404576010981e-015
 3.9071974537179049e-012
 0
 2.5292625216210046e-015
 6.4541990301561292e-007
 7.6932393397784127e-013
 4.1554597732469441e-007
 0
 0
 0
 4.6951870521508968e-012
 3.0742686221668505e-009
 0
 0
 0
 1.0979637996562965
 0
 1.1646066242788656e-012
 5.9045420811046166e-015
 0.030102255188081482
 0
 4.7303303451469654e-007
 2.1460569958433934e-007
 0
 1.2663440105384067e-011
 1.0955228085075651e-010
 0.043019311270650014
 0.025421311167691391
 3.1037160871942069e-008
 2.0265069048432547e-014
 0
 0
 0
 0
 3.2381811325318094e-007
 0
 0
 0
 0
 0
 0
 0
 3.6645149221959517e-013
 0
 0
 0
 0.23526234782890454
 0.076629075006137123
 0.63369254666883812
 0.038291620636263242
 0
 0
 0
 5.6942898841211145e-014
 0
 0
 1.6870641642018606e-014
 0
 0
 0
 0
 0
 0
 0
 0
 0
 0
 0
 0
 0
 0
 0
 0
 0
 0
 0
 0
 0
 0
 0
 0
 0
 0
 0
 0
 0
 0
 0
 0
 1.8765881453517514e-011
 0
 0
 0
 0
 0
 1.4000266984494535e-014
 9.3109376063800537e-010
 0
 0
 4.6251536475926838e-009
 0.006694249206859724
 0
 0
 0
 0
 0
 4.501498789729707e-016
 7.7854394549356873e-014
 0
 0
 0
 0
 0
 0
 6.8719563181809707e-011
 0
 0
 0
 3.4490669368721043e-012
 0.041600480982952222
 0.76182707283814044
 0
 0
 0
 0
 0
 0
 0.0014972433517203337
 0
 0
 0
 0
 9.547474234992618e-016
 0
 0
 0
 0
 0
 0.0029842112177396888
 0
 4.6365105455773878e-015
 3.8709894011735662e-006
 5.09406392275189e-012
 0.48401130719881236
 0
 1.5206465275660187e-014
 0
 1.1799331297512294e-006
 8.6679648445134476e-005
 0.013182265480179369
 5.6137538618335763e-016
 6.9058598640599965e-006
 3.5983902237117456e-015
 2.9593223283579025e-015
 0
 3.9854244272184625e-011
 0.020893381331937824
 0.6272841158474356
 6.1878773582483043e-008
 0.0055759061690627883
 0.0018183172819424276
 0.00069500051024913166
 0.068013593551604926
 0.029832907131661944
 4.3685072981149034e-012
 0
 5.584446204802814e-008
 1.420567010679365e-010
 1.6686597179053609e-015
 5.5150021438559232e-015
 0.13023626343418704
 7.9841617683540065e-013
 0
 0
 0.62318788763227295
 0.01953936950157795
 0.38802436303763127
 0
 0
 0
 0
 0
 0.067777267988168716
 0
 6.2063353831181828e-016
 3.2551837443345749e-009
 0
 0
 0
 0
 2.7694793740922076e-015
 0
 0
 0
 0
 0
 0.011863324521794994
 0.025768518649713332
 0.00048620796486750225
 6.0601578917085993e-008
 1.0027602026230279e-015
 1.9196770360408648e-007
 8.4286315869080784e-010
 2.7472078507671514e-008
 0
 0.010429967714372554
 0
 1.3398639251810348e-005
 2.0439720169151212e-014
 3.2957919968262575e-016
 0
 2.4450502266189195e-005
 0
 0.00079783413668855488
 0.010372725190702379
 0
 0
 2.8964961248758836e-014
 8.4380917458877276e-015
 0
 0
 0.016493161929331458
 1.4094057835662144
 0.0089457796269991514
 0
 0.06935590826938505
 0.15388772847656207
 0.0073245373237793782
 0
 3.3389823385675322e-007
 0.072001545513793425
 0.054711286341658276
 8.4356783134887931e-009
 0
 0.00040192363327872757
 0.068013593567141595
 0
 3.4416913763379849e-015
 1.0357490570694692
 1.3897985759015297
 0.97037730970739833
 2.1912325166399848e-012
 0
 0
 0
 0
 2.0548280442331881e-014
 0.011664958083518544
 0.0048255571409515832
 0
 0
 0
 0
 0
 0
 0
 0
 0
 0.14353415134700442
 0.00044069194515701965
 3.3422138886441676e-016
 4.0419537647262639e-014
 9.7565349105551728e-010
 2.047270523661294e-014
 0.033824329083112753
 0.1815118370086693
 0.028586983525075476
 1.495111113767923e-012
 1.2832264423908536e-015
 0.00019094992756391908
 1.5356134357017495e-015
 0
 0
 1.3600232051658166e-015
 3.5029320589940891e-015
 0.0038082303467910474
 0.012213480789404298
 1.1401016560723082e-014
 1.3860695246519579
 0
 3.5175659322485849e-015
 0.023727096121668855
 1.0342925067254536e-013
 5.6698674717623409e-012
 2.9619101646129768e-016
 0.15197300254020099
 5.4675948734400077e-009
 2.395516825717617e-015
 0.050326771227439032
 0.0062574473020143321
 0.069355908081421544
 4.9436588994211651e-005
 6.2648609420219825e-013
 3.1055996220859146e-014
 0.95133043729295796
 0.90036977549532049
 5.6173177783783599e-014
 0
 0.041680167585119256
 0.00069500039095681942
 0
 5.6344502130446763e-015
 0.51204455711443475
 0.0092864987225396226
 0.030965910423342173
 0
 0
 0
 0
 0
 0
 6.36548859596397e-010
 1.9204589665921309e-008
 3.0284399163634794e-008
 0
 0
 2.9908423744013156e-015
 0
 0
 0
 0
 0
 0.0027363630349816364
 0.070308866428080694
 0
 1.81752031012098e-014
 0
 1.1551289036598317e-014
 0
 0
 0
 4.0805944830994701e-014
 2.5045913275872495e-014
 0.00033007393608631134
 0.013396434592167624
 2.7610797472214788e-006
 1.5267105683838655e-014
 3.0038919713337023e-015
 0.16993647891244609
 0.041918433969746177
 1.7908601657407921e-012
 4.1155400252605159e-008
 2.8517181706340404e-011
 5.6558753526129124e-015
 2.979564599203403e-005
 0.0087524426357465726
 2.0270728344725537e-006
 0.59264728095101082
 3.5486184553112983e-015
 0.00010493315106348992
 9.8725431355117292e-006
 1.2584127366152393
 0.01090312104994641
 0.050326771230606117
 0
 2.1956748021485624e-015
 4.3071621298033947e-008
 0
 1.0759410395119186e-009
 1.4757289083610286e-010
 6.1760545629316572e-009
 0
 0.01456927016259036
 0.0018182745361871799
 0
 5.8227357371453407e-009
 4.1953461498437903e-015
 0.0068608760287971046
 5.0098304828191657e-011
 3.834254320961324e-007
 0
 0
 0
 0
 0
 0
 1.286215077760174e-008
 0
 0
 0.0014972433517226377
 0
 0
 0
 0
 0
 0
 0
 0
 0.028216884272126635
 1.3914158313377718e-005
 0
 0
 0
 0
 0.00010004692181415098
 0.029436318873159475
 0
 4.1035623577574605e-015
 0
 1.2346807421469346e-009
 0
 4.2068587023482963e-014
 4.7652825467689479e-016
 0.6512969551676191
 0.0063598378490194547
 0.17579310725367855
 3.1756717578547671e-012
 0.21702137392402174
 0.00013266567108374179
 0.53343114679266368
 0.015014598111323375
 6.6717974273953776e-010
 3.2905943963944456e-014
 0.07702852473391826
 1.2234883463720985e-013
 1.4924888173646393e-014
 1.2584127355208319
 2.2815349116728746e-012
 0.0089457794851618977
 0.12019066543133554
 6.7276253303304705e-015
 0
 6.781681728890496e-016
 2.4624858654968307e-009
 0
 0
 1.177489962145045
 0.0055759061753080531
 0
 0
 0.58970547776697213
 1.3045518275574248
 0.23756022084613432
 1.0703658227077776e-010
 0
 0
 0
 0
 2.4220240792189554e-013
 0.26040705064721631
 0.030662452225750383
 5.4782735679915189e-014
 1.4946834900704541e-016
 0
 0
 0
 0
 0
 0
 0
 0
 0
 1.6662087526705707e-014
 0
 0
 0
 0
 0
 0
 0
 2.8576114088871287e-016
 1.0174901417938702e-013
 6.1924942509614176e-014
 3.868239902295831e-010
 0
 0
 0
 5.6596574393576404e-008
 0.0015647623289516978
 1.0534800410284152e-010
 6.7862128379326552e-014
 2.8096264398684801e-013
 6.8495002332486325e-016
 3.463668980947367e-015
 8.2897686887459731e-016
 3.4222945707940126e-008
 0.14421296162118796
 1.0995570481232938e-009
 3.0242116526305009e-015
 6.1579858909392545e-015
 9.8725178580669377e-006
 5.0498368864747093e-009
 1.4094057821467876
 4.2219046574632585e-007
 0
 0
 8.0112049924223027e-013
 0
 0
 5.7955343351681902e-016
 1.8721015958008457e-012
 1.5783433380667201e-007
 0
 2.7881917207275617e-008
 0.87677172399653514
 0.097923032320840001
 0.47498058353257816
 1.2921684344148016e-010
 1.2412670766236366e-015
 0
 0.0037326825497825717
 0
 0
 6.2555427408049594e-015
 7.6975605515831149e-016
 3.9737358234505033e-012
 0
 0
 0
 0
 0
 0
 0
 0
 0
 0
 2.5030742207365411e-005
 0.7242788840458263
 0.028005350752799002
 0.0046551786051012758
 0
 0
 0
 0
 0
 7.8503330916034167e-010
 3.3952682184363929e-015
 0.54139498940830955
 0
 7.2143676915651057e-015
 7.2922251455479484e-009
 1.5794291180791535e-011
 0.21626172448767686
 4.0681400676074525e-013
 0.023475279165359034
 6.4814617882038453e-014
 3.6674496870359462e-009
 0.86124813477367368
 0.0028289406118177552
 0.035415796036255137
 0.52109544820835363
 1.6296116057013246e-014
 2.1506875668567071e-013
 0.077028524734143969
 1.0785312718383109e-005
 0.15197300247985074
 0.016493161921094106
 8.7374203770076769e-015
 0
 0
 7.500829468893362e-010
 3.2874836084645975e-015
 0
 0
 0.011479175000149425
 0.62728411657739003
 0
 1.2357182197869554e-011
 0.39771326523956357
 0.66326551815868562
 1.1240071806520398
 0
 3.241361150331937e-014
 0
 0
 0
 0
 2.4638620917390254e-014
 1.4279932379221807e-009
 0
 0
 0
 0
 0.14353415134702582
 0.0027363630349628997
 0
 0
 0
 0
 0
 0
 2.041950364822953e-014
 1.5177720748371112e-010
 1.297777229098522e-015
 0
 0
 1.2794688166302258e-016
 3.1129255099405463e-016
 0.032244930475791286
 0.011440928552920017
 0
 0.012848929062178936
 0.005908653656831379
 0
 2.7790248428167779e-016
 4.4208064882668406e-008
 3.1659234205189954e-008
 3.0085574857534424e-014
 1.2869127515574039e-006
 1.4972589302320052e-013
 9.6967073175572859e-006
 0.01954754929784025
 0.20694131038075311
 0.00099571205555339559
 0.010537315951985423
 0.52109547448166227
 0.14421295949214766
 3.4766747466811601e-014
 1.4466688543511826e-014
 7.6780671785087482e-016
 0
 0.072018974500092092
 0
 3.2830332221804362e-008
 1.1676729757080958e-014
 3.062572743122582e-011
 0
 7.0868169278066288e-012
 3.5281145832169519e-010
 0.020893381332096578
 9.9328999872162962e-015
 1.7372018904853875e-008
 1.587233114653592e-015
 0.014561244153689526
 2.379791249841865e-010
 1.0756695889066104e-006
 0
 0
 0
 0
 0
 0.01439571506899354
 0.00080312404557418907
 3.4079506945718548e-015
 0
 0
 3.8345739700420427e-014
 0.00044069194515010103
 0.070308866428141298
 0
 0
 0
 0
 0
 1.6670838700970896e-009
 3.2976524838613762e-010
 5.8862997123193982e-011
 0.027339196316951381
 0.17084284253948798
 1.3688978058649834e-007
 7.9618964528905139e-006
 3.797029781338495e-010
 2.0826848377020502e-008
 0.00057270601257843133
 1.0504119502078446e-015
 0.0012641000613344822
 9.7576149699240539e-012
 8.4927072490049955e-016
 0
 1.4142114367417192e-015
 1.2287162601123773e-013
 1.3649732858438361
 0
 0.013387752552720358
 0
 8.5324053236448153e-005
 0.013613511226488519
 0
 0.072018974499834132
 3.5750900021732092e-011
 4.2115749488803385e-007
 0.12019066547903244
 6.8279315408139201e-015
 4.9436588709049702e-005
 0.0073245398429182375
 0.0037211201011980635
 2.6610024838103536e-015
 4.6443961262081255e-016
 1.0542684062343686
 0.82680755483522017
 5.1051837572386093e-014
 0
 0.0012471032074659262
 0.02983290711811452
 0
 0
 0.26227684389742861
 0.029487548908564011
 0.64089426746940914
 0
 0
 0
 0
 0
 1.6473683637663064e-009
 5.7687039835527977e-015
 1.3063187906391198e-014
 6.454198983851144e-007
 0
 0
 0.011863324521808974
 1.1438025228256182e-015
 0
 0.028216884272111477
 4.2626119996597462e-014
 2.503074221211773e-005
 0
 1.6671911409764098e-009
 0
 0
 0.64205898095076697
 1.0800186935978322
 0
 1.3297365495493682e-015
 5.6217888956625311e-016
 0
 1.4436786818058592e-008
 0.50872313706252303
 0
 0
 0
 0.80819459904351121
 0
 0
 0.23844751632814337
 0
 0
 0.00075095391359202945
 2.9237207130643139e-010
 0.0083733334054741631
 0.0026110642103921318
 4.9478663533770364e-014
 0.20694131038376512
 0.0028289406133500047
 0
 0.015014598116813771
 2.0270332499881597e-006
 5.0027227361698875e-014
 6.5473200517223264e-015
 0.013613511237991139
 0
 0.04301931126804296
 0.66716194101172011
 1.1974856219328405
 1.8604790657913551e-008
 0
 1.1576470948532596e-014
 3.4869863300932285e-014
 0
 0.82253995999664375
 1.3206070927636913
 0.12416134420595019
 0.404458140585779
 0.19309191870785244
 0
 0
 0
 0
 2.8031333689609368e-005
 8.5599309008071739e-010
 3.2695538671018593e-015
 7.2459701108041242e-013
 0
 0
 0.02576851864966959
 3.8594107932666993e-014
 1.6078974382991327e-014
 1.3914158275691953e-005
 0
 0.72427888404578766
 1.5416873139576685e-014
 3.2977376854220928e-010
 0
 0
 0
 0
 0
 2.7414505963677258e-010
 0.094069036141544202
 6.0860327589223633e-006
 1.7264570713500997e-010
 0.39331493180497551
 1.6606360087671757e-010
 0
 0
 0.8567498557556118
 0
 0
 0.0055921713952275355
 1.9065171344737582e-015
 1.1055511254377833e-015
 0.4024530950064566
 2.2145273839035522e-005
 0.008923328099234679
 0.0083733334054122074
 8.1650368665945423e-012
 0.019547549401386938
 0.86124813483797547
 5.35369296804001e-014
 0.53343114741653064
 0.0087524426099974944
 0.023727096027888309
 0
 8.5325959046492355e-005
 5.4110026778358692e-016
 1.0111915171207726e-010
 1.2928317817112946
 0.76043448004218106
 2.0999476017896649e-007
 0
 7.1007925757742712e-015
 0
 0
 0.76832718976080461
 0.81107710832545565
 0.11649733891528272
 0.11119538935313107
 0.32508160628259136
 1.8041124150158794e-016
 1.9631066564628636e-014
 3.8584196711771621e-015
 0
 2.1747445693272425e-012
 1.5202354861220292e-016
 0.24229070099473068
 4.1554600469179451e-007
 0
 0
 0.00048620796458607492
 9.7564592388716909e-010
 1.1957467920563633e-015
 0
 0
 0.028005350752800022
 1.517767534010092e-010
 5.9096654343921163e-011
 0.64205898094947134
 0
 0
 1.6411620965722886e-015
 3.7213760904213196e-016
 0.00010414720140932213
 0.076382250797802656
 0.0015058157578673186
 0
 0.49202605432124269
 0.43741526396342784
 0.013467945972198258
 0
 0
 0
 1.3959654472701596e-011
 1.398546727608915
 1.898012634567095e-015
 0
 0.95324289881999125
 0.0074624792436895366
 2.2145227312805374e-005
 3.1848204362945849e-010
 7.2227108770787918e-012
 1.1266547329928044e-005
 7.2089254313369655e-013
 3.2605418710725892e-016
 0.00013266555659221472
 2.9795641566270709e-005
 1.9040911533613541e-016
 0
 0
 0
 1.6307570105206678e-011
 0.85373072768903813
 0.99342188646022822
 1.2385087934886649
 0
 1.0260768946718291e-013
 6.3841594942556743e-016
 1.5766632845026245e-014
 1.1412573654806104e-005
 0.55352314133349001
 0.021880803670895139
 0.10019897804242205
 1.7340468357500937e-011
 0
 0
 0.0010204370385666665
 0
 1.1574974078600883e-016
 0.85763282945180341
 1.1162215601317516
 0
 0
 0
 6.0601250684452803e-008
 9.4057007612106605e-015
 3.3879997739887657e-016
 3.5107854685722458e-015
 0
 0.0046551786050514779
 8.41181705440549e-015
 0.027339196316943093
 1.0800186935980791
 0
 0
 0
 1.3557576783411122e-007
 0.6052163319842675
 0.0010752475364630115
 0.088511725316199164
 0
 0.12567908043482684
 6.4544843640699613e-015
 0.36996334409956499
 0
 0
 0
 5.6951623410652599e-005
 0.055391166010817609
 1.9561864314846078e-014
 3.6310045683730378e-016
 0.020738145267469831
 0.95324289884448488
 0.40245309497695081
 0.00075095391360129429
 1.4083643111287991
 1.8868178243274588e-015
 1.8653729249464588e-014
 1.0245352156486257e-011
 0.21702137391514054
 3.483988156481097e-016
 0
 3.6926391654562769e-016
 0.013387752552678454
 0
 5.6325111571547335e-017
 0.021299901341657965
 0.89568306480986704
 0
 0
 0.0017231672663600931
 6.9060932326921952e-006
 0
 1.5847264365966013e-014
 1.380516459726296
 0.014172281010770669
 0.73981498963385472
 0.00080933097101574744
 2.0202060712500734e-011
 0
 0
 0
 3.7749895210995944e-006
 5.5334776187728323e-013
 2.1692881110341377e-010
 0
 0
 1.2502346462466221e-015
 8.2128485604753463e-016
 0.03382432908359731
 0
 0
 0
 0
 0
 0.17084284253944282
 0
 2.2818413075627107e-015
 1.2121260594980401e-014
 1.3557577637695306e-007
 0
 0
 0.56387284347118194
 4.4928864935529954e-006
 3.5477499863369608e-015
 0.0032945939873436632
 1.3996469708615724e-014
 7.940126867575241e-006
 9.655958921240891e-015
 3.2274817773693541e-014
 0
 0.010943816138691768
 3.6742344152458175e-015
 0.029535347358522326
 3.5674283556240978e-015
 6.1097739031068567e-016
 0
 4.8239038706278949e-016
 0
 9.1496077011611005e-014
 6.9512291095478042e-007
 0.023475279167003357
 3.9691160950254163e-012
 4.9994092413636638e-010
 1.6430693265923997e-008
 1.3860695246572501
 0.010372725198026895
 0
 0
 2.1621211139727778e-007
 4.1273063570700281e-015
 1.0910801149432787e-014
 2.0559546748849e-006
 0
 0.0075271209513380413
 1.7284950456185633e-015
 0
 1.8639126316592488e-010
 3.5846249810072074e-008
 0.67375277167806913
 3.4946253408208419e-005
 1.0399074381515646e-011
 0
 0
 0
 0
 0
 1.2124207818485818e-009
 0.00093886688080965786
 0
 0
 0
 1.9196770347381776e-007
 0.18151183700848303
 0
 0
 0
 0
 0
 1.3688977609887435e-007
 0
 2.7402442170249238e-010
 0.00010414720139103094
 0.60521633198384284
 0
 0
 2.4620520138717578e-010
 1.6441518390774993e-015
 6.2593971692064122e-011
 0.0028229690301607335
 0
 0.14136160378050444
 1.7815467063253923e-013
 0
 5.1914242614885232e-015
 1.0089228741455885
 1.3352278268217991e-015
 3.4331750988916778e-016
 0.029535347358614579
 6.0045813718470982e-014
 0
 0
 0
 0
 0
 1.1421385640902264e-014
 1.3579258958861151e-010
 0.17579310708372814
 4.2598593578216681e-008
 0
 0.00079783414228721042
 1.3649732858413035
 0
 5.561690051399422e-007
 6.5740298107058783e-016
 2.9735277596625909e-014
 6.5045441193998908e-006
 0
 4.7338769737029684e-015
 0.013182265480386276
 0
 0.00012925884684083681
 6.7608531541745703e-014
 0.29771324380464875
 7.7754878331676847e-011
 1.148861526640065e-007
 0
 0
 0
 0
 0
 0.91067337814226923
 0.99215869317208427
 4.7260249704005056e-012
 0
 0.0029842112177385508
 8.4284957618263864e-010
 0.028586983525099016
 0
 0.00010004692180324864
 0
 0
 2.9893669801409083e-016
 7.9618962488886628e-006
 3.7341307954279789e-016
 0.094069036141370119
 0.076382250797834977
 0.0010752475362439593
 0.56387284347118793
 2.4618955170684482e-010
 0
 0
 8.5221476631861736e-008
 0.0058040182674570446
 0
 0.00045129636050663757
 0
 0
 5.2320686772194656e-005
 1.2602019612443234
 0.02614021023166745
 0
 1.338944221958028e-014
 0.055391166010383686
 1.3985467275962362
 0.0055921713954154373
 0.23844751633791014
 1.0379394280438032
 1.4424867875234343e-007
 0.21626172447829758
 0.0015647605753226043
 0.006359837906512204
 8.2914875424633261e-015
 0.012213480789347487
 0
 1.6713518299830999e-015
 0
 0
 0.73061447291805681
 0.0014245072765952894
 6.7426902676716816e-014
 0
 1.0466535388507592e-005
 8.6679491372099044e-005
 0
 1.9164130552076539e-007
 0.90763148706398611
 0.011157598455161132
 1.3893074918761432
 0
 0
 0
 0
 0
 0.016450138264109158
 0.1443448144282902
 0
 3.0742760157857372e-009
 0
 1.4827765229706441e-014
 2.7481498598977151e-008
 1.4884293135651349e-012
 6.9409081112455024e-014
 0.029436318873156186
 4.2020731512204711e-014
 8.766380074233131e-016
 5.5458966413463632e-016
 3.7969744122591704e-010
 0
 6.0860326922582725e-006
 0.0015058157578861232
 0.088511725316160528
 4.4928864773779111e-006
 0
 0
 0
 0.0040309846977968702
 1.2663249174029321
 0
 1.1714201148076232e-015
 0
 0
 0
 0.16812011400245883
 1.0379394280422645
 2.3341156063425589e-014
 1.1717985898643555e-013
 1.4083643111145798
 6.9202592545016403e-012
 5.598668517398669e-012
 2.3181863245939638e-014
 0.013433445404968722
 0.00099571205971978462
 0.035415796028509985
 3.725687688391889e-008
 6.4754265453873662e-011
 0.59300789797624642
 1.7430855057240604e-015
 4.5376864719733598e-016
 0
 0
 0.025421311090169013
 0.12594758955049509
 1.0308564200997008
 0
 0
 5.4068087309630247e-005
 1.8748443517819022e-014
 0
 5.1339984594021299e-015
 0.0092850095758482843
 0.018869997988792173
 0.86477332064867019
 0.0017960967074118221
 0
 0
 0
 0
 0
 0
 0
 1.0663343936900019e-015
 0
 9.5100825542381391e-016
 5.9346327669872087e-015
 0
 0
 1.0710820528994033e-014
 1.6302709355362949e-015
 0
 0.032244930475838048
 2.0826845995372559e-008
 1.4436815394495065e-008
 1.7274587473083496e-010
 0
 0
 9.6227648997790796e-015
 6.2592198888492069e-011
 8.5221471550020679e-008
 0.0040309846977636165
 0
 0
 0
 0.085698029154115507
 0.0071080131858854119
 0
 0
 0
 5.2323239565951366e-005
 0
 1.2127789157668154e-015
 0
 0
 4.8834237514652512e-016
 0
 0
 9.8834794874740657e-016
 1.3448407022340348e-014
 1.5410619449404616e-014
 0
 0.1699364790496635
 2.5432787921472802e-014
 7.1131064068065197e-014
 6.1789742602968597e-015
 0
 0
 0
 1.4785269469109025e-012
 2.3489975075911491e-016
 0
 1.0614693428051245e-015
 8.7507128046140623e-016
 0
 0
 0
 0.0025387691809710972
 0
 1.74595587457877e-015
 0
 0
 7.2621595582959595e-012
 0
 3.7571163106103011e-015
 0.027713408477733795
 0.019257554990475496
 0
 0
 3.8709894031552718e-006
 0.010429967714373453
 0.00019094992755543254
 0.00033007393610277853
 2.6431653202792386e-015
 1.0117734615050265e-013
 7.8503080865031412e-010
 0.011440928552900631
 0.00057270601282899923
 0.50872313706355388
 0.39331493180385096
 0.4920260543198185
 0.12567908043511508
 0.0032945939870825175
 0.002822969030129538
 0.0058040182636828318
 1.2663249174050002
 0
 0
 0
 0
 0
 1.4025570655662747
 0
 0
 0
 3.8683944560875409e-016
 0
 0
 0
 0.85674985574143681
 0.80819459904067137
 0
 0
 0
 0
 9.8928771860846408e-015
 1.8960633929248985e-014
 1.9799307635922683e-013
 6.8241472767872878e-016
 1.4249724414760977e-014
 0
 4.3987499818570896e-013
 0.016823003092025418
 0.0009311845761143891
 0
 0
 1.1532519490523636e-013
 7.0468231100529491e-014
 0
 3.8489933119415484e-011
 1.1628423938022014
 1.413329434812961
 0.98908581154530151
 1.7657425159472088e-010
 0
 1.2305811418566187e-014
 9.995382134432704e-015
 0
 0
 0
 0
 0
 0
 5.0965898546328428e-012
 1.0271260053500664e-014
 6.3550571149125273e-016
 0.013396434592571763
 0
 5.0316495400204189e-014
 1.3606603013020737e-015
 7.0885479647853823e-016
 1.6919664351238758e-015
 0
 1.66069324070324e-010
 0.43741526396327318
 1.8558416482198776e-014
 0
 0
 0
 0
 0
 0
 0
 0
 0
 0
 0.0071080131858394608
 0.060558683844564774
 0
 1.5577778178957092e-015
 0
 0
 0
 0
 0
 0
 0.0059086536701981694
 3.1250069638736053e-016
 0
 0
 5.4812869959929005e-016
 7.5864675876239108e-015
 0
 8.5035220934491485e-012
 0
 0
 0
 0
 0
 0
 0
 0
 0
 0
 0
 0.0039986011397622192
 0
 0
 3.6276318278650049e-013
 0
 1.0633361765053621e-007
 0
 0.020510193145783052
 0.050461876108152851
 0.086822470268468052
 1.0979637996555758
 0
 0.48401130719973218
 1.3398639249555992e-005
 0
 2.7610795183891838e-006
 1.2346813811619479e-009
 3.8683167952207121e-010
 0.54139498940833664
 0.012848929062180086
 0.0012641000613228786
 0
 0
 0.013467945972184679
 0.36996334409968534
 7.9401268646712732e-006
 0.14136160378044496
 0.00045129636050620693
 0
 0.085698029154125721
 0
 0
 5.0952463777858613e-016
 0
 0
 0.085698029154170977
 0.80116534756877467
 0.00045129630612664
 0.14136160373481771
 7.9401221477997232e-006
 0.36996334411207832
 0.013467945970147827
 0
 0
 6.0060526020317978e-016
 0.012848929062200457
 0.54139498940844732
 3.8525912336095563e-010
 1.2764007127804124e-009
 2.7550743480567709e-006
 0
 1.3398583688450903e-005
 0.0012641000874057179
 0
 1.0979637996463505
 0.086822470268655819
 0.050461876108237089
 0.020510193145861243
 0
 1.0633500623269885e-007
 0.48401130812471493
 0.23301715085506416
 0.36276137611003173
 1.4002153237308688
 1.3455025149242397
 1.4002153237293793
 0.36276137610968534
 0.23301715202552742
 0
 0
 0
 0
 1.4956741948787333e-014
 0
 0
 0
 0
 0
 4.4784539945625893e-015
 0
 1.6050308076832566e-015
 0
 1.9681032249736315e-015
 0.0059086536568234314
 9.755547026340793e-012
 0
 0
 0
 0
 9.918881251385036e-015
 1.7855928906131097e-013
 0
 0
 0.007108013185837995
 0
 0
 0
 0
 2.5067972706435686e-015
 0
 0.060558683844644509
 0
 4.7965025687390986e-016
 0
 2.7678043147791349e-014
 0.43741526523607355
 1.6532482921226007e-010
 0
 0
 5.3057452644392327e-015
 0
 1.2980578644144114e-014
 2.4747859617976622e-015
 0.013396435066182632
 9.0711939996981596e-016
 0
 2.7361423354463966e-015
 0
 1.2271668792608536e-014
 2.6325398974912101e-015
 0
 9.0205620750793969e-017
 0
 0
 7.5089650635313356e-011
 6.3712196832208578e-015
 2.2645499965823546e-013
 0
 0.0039986011399663632
 0
 0
 0
 0
 4.6515438254646603e-015
 0
 0
 0.0009311836264165956
 0.016823003111197249
 1.1667202534853048e-012
 0
 2.3946644630958442e-014
 0
 5.6712956516778907e-014
 0
 4.4273049624988725e-014
 0
 1.2335628273664683e-015
 2.5208435242641202e-014
 7.7177595951835248e-015
 0.80819459904346369
 0.85674985575536278
 0
 0
 4.0226802177271192e-014
 0
 0
 0
 0
 1.4025570655645943
 0
 0
 0
 0
 0
 0
 0.0058040182414359808
 0.0028229699520430271
 0.003294593577071449
 0.12567908054477839
 0.49202605431914781
 0.39331493179601174
 0.50872313704361471
 1.2663249175581741
 0.011440928386421745
 8.2162319031524147e-010
 8.6267665935205198e-011
 1.2557059226063713e-013
 0.00033007395566694815
 0.00019229620517468248
 0.010429967706534819
 0.00057269575976177239
 0
 1.3337963810087678e-014
 0.019257554990833578
 0.0277134084789585
 5.0299658541014219e-015
 0
 1.1263330964274168e-011
 4.3836437406788492e-006
 0
 1.5517476473437687e-010
 0.9890858119708863
 1.4133294348127392
 1.162842393901605
 3.5717497287268986e-011
 9.2953340895466258e-016
 0
 2.0922347312378092e-015
 0
 0
 1.6711069443220838e-016
 0
 0
 0
 0
 0
 4.5759338689501795e-015
 0.16993647891277816
 1.5085353235134925e-015
 0
 7.2921284421282702e-009
 3.7751664318895328e-016
 5.3935889750165312e-014
 0
 4.3804048612769061e-015
 0
 0
 0
 6.89670205558694e-015
 5.2320687046156993e-005
 0
 0
 0
 0.007108013185901269
 0.085698029154187921
 0
 0
 0
 0
 9.2615284135303333e-008
 7.0275681778452601e-011
 4.4947753132522766e-016
 0
 0
 1.0234430808230779e-010
 1.4438303288625286e-008
 0.0040309846237653211
 0.032244930674090969
 0
 0
 7.6970695183463712e-015
 2.1676527324992308e-015
 0
 0
 1.3027588988599121e-008
 0
 1.8282500163503893e-014
 0
 0
 0
 0
 0
 0
 0
 0
 0
 0.0025387691810571803
 0
 0
 0
 0
 0.77655447213568984
 0
 0.18871613767564654
 0.028090142408117722
 0.15025402122030648
 0.03010225518807564
 0
 1.1799331287251396e-006
 2.4450502274478148e-005
 0.0038082303467764076
 0.041918433969748023
 0.65129695516762021
 5.6596573708207192e-008
 1.5793949921008433e-011
 4.4208065267658704e-008
 2.1900016505293042e-015
 7.1197244424396119e-016
 0
 1.3940892069301859e-011
 5.6951623410044877e-005
 0.010943816138664405
 1.0089228741478307
 1.2602019612440276
 0.16812011400251831
 0
 0
 0.06055868384458369
 0.80116534756876856
 0.060558683844611168
 0
 0
 1.967515994399625e-016
 1.2602019611909594
 1.0089228744260481
 0.010943816146384467
 5.6951616116213011e-005
 5.0439602065594632e-016
 0
 0
 0.16812011402380497
 4.420727196374523e-008
 1.6820756764197368e-011
 5.6593608956741493e-008
 0.65129695516864117
 0.041918433969896786
 0.0038082303977493613
 2.4450501910073912e-005
 0
 0
 0.030102255187917318
 0.15025402122049025
 0.028090142408193568
 0.18871613767200704
 0
 0.77655447316288995
 1.1799072886899751e-006
 0.0093946326504065186
 0.094487726328248103
 0.65918764055011914
 1.3461229025869887
 0.65918764054994849
 0.09448772632762302
 0.0093946326631453997
 0
 1.0466180326627404e-005
 0
 0
 0.001424507291906636
 0.7306144729272861
 0
 0
 8.6679648345208888e-005
 0
 0.012213480789398849
 1.7895438883794542e-012
 0.0063598378490138142
 0.0015647623288874628
 0.21626172448785524
 3.1659236430769321e-008
 1.2908680259925859e-013
 0.23844751632790537
 0.0055921713952383229
 1.3985467276088719
 0.055391166010763375
 2.5112277893296667e-014
 3.6743654558507058e-015
 0.026140210231689803
 1.037939428041988
 5.232323933191659e-005
 0
 0
 0.00045129630612622941
 0
 0.0058040182393593017
 9.2615328236576604e-008
 1.2602019611901671
 0
 1.2109452753848713e-011
 0.56387284347643685
 0.0010752475378313154
 0.076382250797278936
 0.094069036342050688
 3.0327412007397355e-016
 0
 3.6592716050595792e-015
 1.302170994744471e-014
 0
 0.00010004692487937094
 0
 0.028586983524875414
 9.1386740882067279e-010
 6.8095755295163699e-009
 0
 6.5702908666001001e-014
 0.99215869317419514
 0.91067337814376503
 0
 0
 0
 0.0029842112193911624
 0
 0
 1.3893074918746358
 0.011157598455203348
 0.90763148710497432
 1.9310843841696942e-007
 0
 1.7867348644430382e-015
 2.4429117072225777e-014
 0
 3.6586260325970214e-007
 4.0127270080697657e-016
 7.1486815773717227e-016
 4.7303303565838647e-007
 0
 0.013182265480159824
 0.00079783413674586016
 1.1075798459432179e-015
 4.1155388398265056e-008
 0.17579310725357006
 1.0531941328164632e-010
 4.285014544761158e-013
 5.72050695609599e-014
 1.3649732858437593
 0
 9.9194637384661016e-016
 0
 1.2324930857895431e-014
 0.02953534735852275
 0
 2.3548115627114899e-015
 1.6253188498537506e-014
 0
 5.547722702134905e-015
 1.8916600742922829e-015
 0.14136160373485729
 0
 0.0028229699520263903
 7.0287009845617043e-011
 1.0089228744273087
 1.2101514335507643e-011
 0
 0
 0.60521633198675662
 0.00010414830326586436
 4.2619488469213235e-013
 0
 3.2388556676652803e-014
 0
 0
 0
 0
 0
 0.18151183701536036
 1.9091336012788773e-007
 1.3689508973417448e-007
 0
 0
 0.0009390626018332235
 1.2863103179767698e-009
 0
 0
 0
 0
 0
 1.0494088515265344e-007
 7.2875731161130232e-015
 0.29771324377923464
 2.3374963558821302e-013
 0.0011096029310161432
 0
 0
 0.0075271209515878996
 0
 2.2870908181661392e-006
 5.0603833276160885e-012
 3.2665409619656332e-014
 2.1460569960490196e-007
 0
 2.3472033033298877e-016
 0.01037272519129909
 1.38606952465208
 2.8517189295803928e-011
 3.1756483357879316e-012
 7.9110957189049104e-014
 0.023475279165351567
 1.2869127834156787e-006
 1.4337843710401281e-015
 0
 1.1342120363563448e-014
 0
 0
 1.8619006149354548e-016
 0.029535347358627725
 1.7650034604028245e-014
 1.1466739482564564e-013
 1.453147528393031e-015
 0
 0
 7.9401221489109084e-006
 2.7708350961948773e-015
 0.0032945935767000659
 2.1252960966819153e-015
 0.010943816146414129
 0.56387284347650046
 0
 0
 1.730602346544418e-009
 0
 7.4043292570847436e-012
 0
 4.49291497140637e-006
 0
 0
 0
 0
 0
 0.033824668039834804
 7.5618026983555341e-016
 0.17084284253876064
 0
 0
 1.9785982407317341e-010
 5.7449059651835515e-013
 5.7961437950891613e-006
 0
 0
 0
 0
 2.0183776322908855e-011
 3.4941405213059609e-005
 0.67375277166389347
 2.6977088959753053e-008
 6.7662259309033738e-015
 0
 0
 0.0017231672373474816
 0
 0
 0.89568306481023596
 0.021299901392107461
 0
 0
 6.9058598231578707e-006
 0
 0
 2.1580923878844788e-014
 0.21702137392398382
 2.8577331277355298e-013
 0
 3.6994298809860065e-014
 0.013387752552729122
 0.00075095391359354235
 0.40245309500644411
 0.95324289882031765
 0.020738145267496101
 1.0558297211482268e-015
 2.72305396180195e-015
 0.055391166010313096
 1.4083643111142861
 0
 0
 0
 0.36996334411197263
 1.4955265887928557e-014
 0.12567908054390473
 0
 5.6951616116179523e-005
 0.0010752475381839311
 0.60521633198697555
 1.7304401102500978e-009
 0
 0
 0
 1.0800186941178629
 0.088511725315513795
 0
 0.0046551790694035625
 0
 0
 3.6726125319193205e-014
 3.0581634943529468e-015
 6.17376287612379e-008
 0.027339196316859833
 0
 0
 1.1162215601324457
 0.85763282945185215
 5.6549726087056848e-014
 0
 0.0010204370389546333
 0
 1.50719787893896e-011
 0.00080933243472647829
 0.73981498963415104
 0.014172281010759269
 1.3805164597246691
 8.5068575318595747e-015
 0
 2.8957726046535536e-015
 4.4147945634195513e-016
 0
 1.2385088895148604
 0.9934218864525759
 0.85373072785369652
 1.2660293417938565e-011
 0
 4.0599349045321104e-015
 0
 3.5880590299977142e-015
 2.9795645985419882e-005
 0.00013266567104360099
 1.2582378799475548e-015
 3.6672562016250981e-009
 9.6967071386494381e-006
 0
 2.9237888032523408e-010
 2.2145274647729566e-005
 0.0074624792437202724
 0.95324289884388225
 0
 0
 1.3985467275966952
 6.9431821524754074e-012
 0
 0
 0
 0.013467945970304374
 0.43741526523639557
 0.49202605431834695
 0
 0
 0.07638225079732372
 0.00010414830325730267
 0
 3.6870281409906955e-015
 0
 0
 0.64205898033316977
 0.0015058157578520285
 6.4979168888244822e-008
 0.028005350752513217
 0
 0
 0
 1.4116881649170291e-009
 0.00048628908488976659
 5.8576723815163159e-011
 0
 3.1747570381644561e-008
 0.24229070099191502
 3.4439475260771859e-014
 4.0817533118570625e-012
 0
 0
 0
 0
 4.4836245504800999e-011
 0.10019897804204431
 0.02188080367096679
 0.55352314131309099
 1.14125685235082e-005
 9.088163146162256e-016
 0
 1.2177709378935644e-015
 0
 2.0999600149335617e-007
 0.7604344800502556
 1.2928317817114228
 1.0955342237564882e-010
 5.7536938952239029e-012
 1.1492015005667067e-014
 5.4818435291883967e-014
 0.023727096121710516
 0.0087524426355282264
 0.53343114680166404
 5.8389709921800945e-015
 0.86124813477344586
 0.019547549297859498
 8.5324053354013927e-005
 0.0083733334054919561
 0.0089233280992218125
 2.2145226342406608e-005
 0.40245309497695514
 0
 0
 0.0055921713954053681
 5.597864394531405e-012
 0
 0.85674985574124141
 0
 0
 1.65316073401668e-010
 0.39331493179685095
 1.023541174335991e-010
 0
 0.094069036343149351
 4.3056612100736058e-013
 7.3851103635828594e-012
 0
 0
 0
 0
 6.0860351908251878e-006
 0
 0.72427888399448159
 0
 1.3913451797075251e-005
 0
 9.1476570773790978e-014
 0.025768518650492709
 2.5861893990890112e-010
 0
 4.0781869471615722e-016
 2.644082798698686e-015
 7.0175614187009627e-010
 2.8031339016327103e-005
 0
 0
 0
 0
 0.32508160619332133
 0.11119538936086447
 0.11649733891535093
 0.81107710831884483
 0.76832718726298999
 0
 0
 9.5921602854242958e-014
 0
 1.8598841682705401e-008
 1.1974856219252255
 0.6671619410051578
 0.0430193112706845
 0
 7.3004429558391856e-014
 3.747944239482467e-015
 0
 2.0270728368373579e-006
 0.015014598111341815
 0
 0.002828940611692555
 0.20694131038142843
 0.013613511226579106
 0.0026110642104224982
 0.008373333405479173
 3.1846966101540941e-010
 0.00075095391360157965
 0
 0
 0.23844751633793201
 3.6211804643941403e-014
 3.6988681740492773e-016
 0.80819459904103585
 0
 0
 0
 0.50872313704301186
 1.443831315582355e-008
 0
 0
 0
 0
 1.0800186941181673
 0.64205898033129738
 0
 0
 0
 1.8125801779219928e-015
 2.5038135184717004e-005
 0
 0.028216884256829694
 5.7219584981527968e-017
 1.5585679483758074e-011
 0.011863324523032858
 5.7039523387755467e-010
 0
 6.4536426873534824e-007
 1.3666520688091547e-012
 5.0200008103901834e-015
 3.8087976689306349e-008
 2.1256132408160368e-015
 0
 6.3945194555113165e-015
 0
 0.19309191964471176
 0.40445814058016238
 0.12416134420558669
 1.320607092765911
 0.82253997997583184
 0
 0
 5.406811406838983e-005
 0
 0
 1.0308564198005365
 0.12594758957357263
 0.025421311167610244
 0
 3.9631487567526035e-011
 9.6802575035836189e-015
 5.671479536624942e-012
 0.59264728095020214
 6.6705121433263836e-010
 3.4222944878654345e-008
 0.035415796035048956
 0.00099571205557261871
 0
 4.7554900281530306e-014
 8.1476787652685747e-012
 7.3189322360156097e-012
 1.4083643111291149
 9.2204588250048745e-014
 0
 1.0379394280443397
 0.01343344540500436
 0
 0
 0
 2.2929868617541516e-016
 0
 1.2663249175582802
 0.0040309846237801365
 0.16812011402379121
 0
 0
 4.4929149663326579e-006
 0.088511725315519263
 0.0015058157578521989
 6.0860351926330195e-006
 0
 0
 2.8023542731087218e-013
 0
 0
 0.029436318873122629
 6.1620659688578007e-015
 9.4870316980840881e-012
 8.6757502517687208e-012
 5.2738627276282523e-010
 0
 1.615434395341731e-009
 8.0263538820409011e-016
 0.14434481442922489
 0.016450030477334086
 0
 0
 0
 0
 0.0017961656080857104
 0.86477332065576984
 0.018869997988796589
 0.0092850095760010042
 1.4226062834083934e-013
 0
 0
 2.2372692529620239e-011
 8.6540984286794096e-011
 0
 6.3995352416143427e-012
 0
 3.1037151042402073e-008
 0
 0.020893381331882278
 8.2087327507549003e-015
 2.1782939213779854e-014
 1.2105170390815679e-014
 1.4503191283272477e-014
 0.14421296162346278
 0.521095448203998
 0.010537315951976017
 0.072018974499798438
 0.20694131038490882
 0.019547549401527073
 1.1266547086224823e-005
 1.8614868132601728e-015
 6.9512287350501532e-007
 1.421610915971133e-015
 1.4424882814682522e-007
 0.0009957120597432448
 8.8861199474166826e-017
 1.8358209977341653e-014
 0.0059086536702061803
 0.012848929062187559
 7.098050953971103e-016
 0.011440928386385276
 0.032244930674114755
 4.4207272003694302e-008
 1.2770769848195218e-015
 0
 0
 0
 6.497922667110279e-008
 4.4840504702113621e-016
 1.1128638193241836e-014
 2.943976353446619e-013
 0
 0
 0
 0
 0.0027363630349902046
 0.14353415134611616
 0
 0
 0
 0
 7.3486057299457801e-010
 4.3846395647967384e-014
 1.1075309393331776e-015
 0
 0
 0
 8.1420994078133261e-015
 1.0770506126857812e-006
 2.2294157505108463e-010
 0.014561244153807867
 3.5960344851785912e-015
 5.2242270585122615e-009
 4.5991415930819239e-015
 0
 0.011479174990089613
 0
 0
 0
 9.2235278876960197e-009
 0
 0
 0.62728411584970045
 0.016493161929416841
 0.15197300254000751
 0.00010493315053517525
 0.077028524733920495
 1.099524033333385e-009
 2.087079027344184e-014
 0.52109547448416316
 3.5688762794382492e-011
 0.0028289406134018517
 0.86124813483774798
 7.1842348558886884e-013
 3.4543149195528707e-015
 0.023475279167010282
 7.5691978821157743e-015
 0.21626172447838751
 0.035415796028952444
 0
 0
 0
 0.54139498940843922
 1.6537333063299807e-013
 8.2162180228821242e-010
 0
 1.6821221926290062e-011
 0
 0
 0
 0.0046551790694610747
 0.028005350752534845
 0.72427888399417995
 2.5038135189009391e-005
 0
 0
 0
 0
 0
 0
 4.7509892599561205e-016
 0
 0
 0
 4.2178766032117641e-013
 0
 1.9095534713827603e-014
 9.9456403486014127e-016
 0
 0.0037326825497712604
 0
 0
 1.00419964094853e-015
 1.1240071806577223
 0.6632655181731536
 0.39771326536833895
 4.2134626816612277e-011
 0
 0
 6.3808797943137414e-010
 0
 0
 0
 2.2247786310271853e-016
 0
 0
 6.1878800990434762e-008
 1.4094057835652962
 5.4678685919838275e-009
 9.8725431382444727e-006
 1.1972384271706754e-013
 1.2797216748928123e-014
 2.1491674291975217e-013
 0.14421295948840435
 4.211573960098823e-007
 0
 1.045019537690912e-014
 0
 1.0240264757766114e-011
 4.044307447831012e-012
 1.3578596585681197e-010
 0.0015647605752820701
 3.7256851814380551e-008
 7.5707116670075431e-016
 0
 0
 3.8526098548232241e-010
 0
 8.6267875578078193e-011
 0
 5.659360895585506e-008
 0
 0
 0
 0
 0
 0
 0
 0
 0
 0
 0
 0
 0
 0
 0
 0
 0
 5.1103434371763033e-016
 0.030662452246327836
 0.26040705068387521
 0
 0
 0
 0
 4.1354876261643751e-016
 1.2985387756060168e-010
 0.47498058351630779
 0.097923032314517405
 0.87677172402035441
 2.9412073718980507e-008
 0
 0
 1.1774899621093478
 0
 0
 3.7409640516680972e-008
 1.9365357697989534e-015
 0
 2.797157557069881e-017
 0.0055759061690235871
 0.00894577962763775
 3.347856314771582e-015
 1.2584127366160092
 1.3885890070723877e-014
 6.748330288745303e-015
 0.07702852473418241
 9.9064175395151126e-015
 0.12019066547897909
 0.015014598116818049
 0.53343114742247
 0.00013266555669489924
 0.2170213739151946
 5.0035349323012279e-010
 0.17579310708385246
 0.0063598379066160471
 6.479446576271684e-011
 0
 5.6155703134492405e-014
 0
 1.2763998715416127e-009
 0
 1.2686267213206935e-013
 8.8448406957650432e-014
 0.65129695516860076
 0.00010004692487559099
 0
 0
 0
 0
 1.3913451787775684e-005
 0.028216884256781621
 0.029436318873119319
 0
 0
 0
 0
 0
 0
 0
 6.4319466859116626e-015
 0
 0
 1.3039037627317581e-010
 1.1102230246251565e-016
 0
 0
 8.5829377472291946e-017
 0.0014972433516989988
 0
 2.8808082452224318e-010
 0.23756022074913741
 1.3045518275697667
 0.58970547777468574
 7.4682615908559568e-016
 0
 0
 0.01456927016833973
 0
 7.2590378814563878e-010
 1.4005908211001947e-010
 2.2999297505236505e-010
 0
 9.3109845722638781e-010
 0.0018183172830296373
 0
 0.050326771227425883
 0.01090312105002574
 1.2584127355215473
 9.8725178297651699e-006
 1.0785312614681199e-005
 2.3584176533512777e-015
 1.9461711067839198e-015
 2.0270332469449567e-006
 0.0087524426100594709
 2.9795641571780337e-005
 2.7680621089489279e-015
 1.6430766074494723e-008
 4.2598520674832071e-008
 1.0464413361435324e-014
 0.59300789795985009
 0.16993647904995954
 2.4516140307080509e-014
 7.5350125919294726e-016
 2.7550743695565411e-006
 0.013396435066382776
 0.00033007395567632861
 1.2769874396307996e-015
 0.041918433969890326
 6.0559492208896486e-016
 0
 0
 3.8640469149208765e-014
 0
 0
 2.8339244640771165e-016
 5.0196938799499604e-015
 0.0027363630350006295
 0
 0
 0
 0
 0
 2.7247508771662698e-015
 0.070308866428138397
 0
 3.0118354223785627e-008
 2.7008144953091871e-008
 1.2522273153322072e-010
 0
 0
 0
 0
 0
 7.6423690727648812e-008
 8.5964150064980996e-008
 0.0068608760290441917
 1.2608003907015768e-015
 6.2772827010359061e-009
 0
 0
 0.041680167638419779
 0
 5.2178274951894965e-014
 0.90036977548984742
 0.95133043730107025
 0
 2.0698831007001499e-014
 0.00069500051016612569
 0.069355908269375655
 0.0062574473019883529
 0.050326771230592177
 2.2212869106931604e-012
 5.0497781871101233e-009
 0.15197300247977588
 1.6317469620365017e-016
 4.9436588702570754e-005
 1.7111937024914373e-015
 0.02372709602786123
 1.2894025843359711e-015
 0
 1.3860695246573098
 1.3887542199293331e-016
 0.012213480789348393
 6.2803698347351007e-016
 1.5073379526974804e-015
 5.177976485966856e-013
 0
 5.4236411753169001e-015
 0
 0.0001922962051746638
 0
 0.0038082303977655394
 0.02858698352487837
 0.18151183701547272
 0.033824668039599125
 4.4085003166261773e-015
 1.4116947314187153e-009
 4.3080963122931724e-014
 1.5306825589856455e-011
 9.4606956466931175e-012
 0.14353415134606184
 1.462020828975374e-014
 0
 0
 0
 0
 0
 0.00044069194506284791
 0
 0
 0.0048256211847478268
 0.011664958105282246
 1.2009666941760832e-013
 0
 0
 0
 0
 0
 0.030965910425377219
 0.0092864987232926417
 0.51204455711153218
 1.6073534459761236e-013
 0
 0
 0.00040192363339341708
 0
 7.1482174146938256e-010
 0.054711286253484238
 0.072001545632356084
 3.2381811768765104e-007
 5.5110720575026698e-016
 0.068013593551581694
 0.15388772847663523
 0.069355908081466161
 1.5079306902608699e-014
 0.008945779485940112
 1.4094057821486516
 0.016493161921197548
 4.2893646965459007e-016
 0.0073245398429458517
 1.3878871967638603e-016
 0
 0
 0
 0.010372725197881287
 0.00079783414239067161
 0
 0
 4.9907288088434231e-014
 2.2533834371647133e-015
 1.5717728157325134e-014
 1.3398583688966392e-005
 0
 0.010429967706537514
 8.1232153878218659e-014
 2.44505019173315e-005
 9.1386889374996849e-010
 1.9091335981411152e-007
 6.8663501977833567e-016
 6.173819014709297e-008
 0.00048628908486834552
 0.025768518650460832
 0.011863324523012156
 8.6799884913464363e-012
 0
 0
 0
 0
 4.3430159455556729e-015
 0
 0
 0
 0
 3.1191531613172565e-009
 0
 5.1178752665209032e-016
 0.067777267974438019
 0
 7.1927250142836766e-016
 0
 0
 6.2368007262896217e-013
 0.97037730973614467
 1.3897985759036331
 1.0357490567330128
 1.4441770447707954e-013
 0
 0
 0.0012471004278916641
 0
 1.9635966359370366e-015
 0.82680755484429513
 1.0542684062329375
 0
 4.625375407961772e-009
 0.029832907131365986
 0.0073245373237696689
 4.943658899554953e-005
 2.201281385938264e-015
 0.1201906654315799
 4.2219090104406253e-007
 8.9928172076269965e-015
 0.072018974500030253
 0.0037211201011220531
 0.013613511238307922
 8.5325959120913564e-005
 0
 0.013387752552673052
 2.9457627375061529e-016
 1.3649732858412307
 0
 2.6536710890118785e-015
 3.6493956841614593e-016
 0
 8.4946483624103485e-012
 0.0012641000873768284
 4.8132521736371705e-015
 0.00057269575981120648
 1.3027580461675532e-008
 0
 6.8095761239733774e-009
 1.3689508825733084e-007
 0.17084284253872989
 0.027339196316854303
 5.8633165187665833e-011
 2.5863572578510833e-010
 5.7046935888944586e-010
 5.274117513909839e-010
 0
 0
 0
 4.1184654259633791e-014
 0.070308866428147418
 0.00044069194508218178
 0
 0
 0
 0
 0.00080312404568755596
 0.014395897613425248
 0
 0
 0
 0
 0
 0
 0.64089426747227773
 0.029487548858431068
 0.26227684389841732
 0
 0
 0
 0
 1.0948510389028342e-015
 0
 0
 0
 0
 0.0066942492066952592
 2.107803710551087e-012
 0
 8.5754312282454395e-013
 4.3071684277467091e-008
 3.914932687983919e-014
 0
 0
 0
 1.5563089816325027e-015
 0
 2.7755575615628914e-017
 0
 0
 0
 0
 0
 0
 0
 0
 0
 0
 0
 0
 0
 0
 0
 0
 0
 0
 0
 0
 0
 0
 0
 0
 0
 0
 0
 0
 0
 0
 0
 0
 0
 0
 0
 4.4130492403375389e-015
 0
 0
 2.0411319908195742e-015
 0
 1.0838898772828417e-016
 0
 0
 0
 0
 2.4101434661605745e-014
 2.461701384650153e-010
 0
 0
 0
 0
 0
 0
 0
 3.3389823438828185e-007
 3.1263178591070833e-014
 0
 1.9395587502038903e-014
 0
 0
 3.2830325154055611e-008
 0
 0.043019311268111558
 1.011565997567235e-010
 1.6312402696665713e-011
 0
 2.1621214772264598e-007
 5.5616900150322827e-007
 0
 0.025421311090174589
 0
 4.4050521779549575e-013
 0
 1.0979637996457081
 0
 2.2668103669856802e-015
 7.3007125646931414e-014
 0.030102255187910005
 6.1165614149176412e-014
 0
 0
 0
 3.174757359269316e-008
 1.7019750312445616e-015
 6.4536425854968536e-007
 1.6154271624514701e-009
 0
 4.2359189344118102e-013
 3.122255530782974e-015
 0
 3.0118322765546944e-008
 0
 3.1191560880654334e-009
 3.0938441821792772e-016
 0
 0.0072195458360956232
 0.87116640617389929
 0.073048000691512932
 0
 0
 0
 0
 0
 0.038291455954428462
 0.63369254679969633
 0.076629075003874697
 0.23526234783321889
 0
 0
 0
 2.9983911190817703e-010
 0
 0
 0.067567556107879484
 0
 0
 0
 5.5844490746585022e-008
 0.072001545514231255
 0.9513304372929865
 1.075820108746499e-009
 0
 8.0866430060108179e-013
 7.5006740162871622e-010
 1.1594798280908408e-014
 1.0542684062345551
 0.66716194101166937
 1.2928317817110972
 0.85373072768880376
 0.021299901341668259
 3.8782396127220606e-015
 5.8088116362698806e-016
 0.73061447291811321
 0.12594758955106833
 0
 0.016823003091980905
 0
 0.086822470268674248
 9.9233461118979103e-016
 0.019257554990831517
 0
 0.15025402122048367
 0.99215869317413108
 0.00093906260220686158
 1.9785762955502087e-010
 1.1162215601324934
 0.2422907009918446
 2.3886833614965036e-015
 1.3589236774346518e-012
 1.7183817360337922e-015
 7.3486463883681684e-010
 3.6506759942727961e-016
 0.030662452246469084
 1.3040490508127168e-010
 2.7008139196164814e-008
 0.004825621184205626
 6.2820307851894583e-014
 0.00080312404567537429
 0
 0.87116640617374319
 0.01662123818406834
 0.009426273315630217
 0.14670088385742547
 0
 0.041150728783139467
 0.76182707282998574
 0
 1.1654951242280225
 0.29938176382894299
 0.76202465993199575
 1.2392966636474083
 0.0012014943830821105
 0
 0
 0.23459693615489047
 0
 3.6843370413183041e-015
 0
 0.067567556105613436
 0
 0
 1.4078444914308514e-010
 0.054711286340563284
 0.90036977549538821
 1.4757252217207839e-010
 2.4625086795205032e-009
 0
 7.6487135103025271e-015
 3.0607876009843094e-011
 0.82680755483522506
 1.1974856219323831
 0.76043448004197622
 0.99342188646161222
 0.89568306480954285
 0
 2.5904566595718114e-014
 0.0014245072766112055
 1.030856420099816
 1.4275819848360941e-012
 0.00093118457611447995
 0
 0.050461876108246727
 0
 0.027713408478902267
 0
 0.028090142408188586
 0.91067337814376048
 1.2864784491179111e-009
 5.7535651111395699e-013
 0.85763282945173602
 0
 7.0171483925681544e-010
 2.056957825242005e-015
 0.14434481442934891
 5.8340925901912938e-014
 9.5805151331314487e-015
 0.2604070506836979
 9.6637644323181363e-016
 1.2522468911138105e-010
 0.011664958105243574
 0
 0.014395897613008043
 0
 0.07304800069141873
 0.0094262733156581062
 0.0054890295896131555
 0.71473414316870343
 0
 0.33705674439027805
 0.041600480988728074
 0
 0.00043709790672524838
 0.89408835687141497
 0.83041535401240041
 0.19585454975501901
 1.0542728773961472
 0
 0
 0
 0
 0
 0
 0
 0
 0
 0
 8.4356839691736144e-009
 5.743020298676498e-014
 6.1760080712910907e-009
 0
 0
 0
 0
 5.1574766529802463e-014
 1.860478352326804e-008
 2.099947590010388e-007
 1.2385087934720531
 0
 2.0559546743544049e-006
 6.5045441267102951e-006
 8.6713447886965397e-014
 0
 0
 0
 0
 0.020510193145870912
 1.1548621071314795e-016
 0
 5.3479023620621991e-016
 0.18871613767163856
 0
 0
 5.796143790013833e-006
 5.5431194452555078e-014
 4.0637551457593015e-012
 2.8031339055884503e-005
 3.808798592050278e-008
 0.016450030477352672
 1.612214332198115e-015
 7.688845529265794e-015
 0
 0
 0
 1.2304648115212728e-013
 0.067777267974553301
 0
 0
 0
 0.14670088385750898
 0.71473414316856876
 0.0038428324453555151
 0
 0
 0
 0
 0
 0.91110954540179445
 0.16195311451874864
 0.080969417845754316
 3.6297336365100224e-005
 0
 0
 0
 0.0020849903847381022
 0
 0
 0
 0
 0
 2.6326862106716753e-015
 0
 0
 0
 0
 0
 0
 7.1457944786421681e-012
 0
 0
 0
 0
 0
 0
 0
 0
 0
 0
 0
 0
 0
 0
 0
 0
 0
 0
 0
 0
 0
 0
 0
 0
 0
 0
 0
 1.1013788720929027e-014
 0
 0
 0
 4.1005575377887105e-016
 0
 3.5999725376960855e-015
 0
 0
 0
 0
 0
 0
 0
 0
 0
 0
 0
 0
 0
 8.4643129627398087e-016
 0
 7.8100709287989181e-014
 0
 0
 0.23459693626384834
 8.2601411174410462e-011
 3.6664940577669554e-013
 1.4780912908390041e-015
 0.13023626343401321
 0.00040192363330956565
 0.041680167584867922
 0.01456927016267328
 1.1774899621440125
 1.871178822959212e-012
 0.011479174999622055
 3.528530690045143e-010
 0.001247103207409564
 7.576827329119304e-015
 3.7799569779085091e-014
 1.3035327412863527e-013
 0.0017231672660217206
 0.0075271209513420867
 4.5559955181740804e-015
 1.0466535355442654e-005
 5.4068087316174715e-005
 0
 1.2371814423999462e-013
 0
 1.0633500193270671e-007
 6.0285781120945172e-014
 1.1271174347562251e-011
 0
 0.77655447316157289
 0
 0
 0
 0.0010204370389458608
 0
 0
 0
 0
 0
 0.0037326825497598945
 0
 0
 0
 0
 0
 0
 0
 0
 0.041150728783238964
 0.33705674439014882
 0
 0
 0
 0
 8.1205813397698917e-016
 0
 0.59871049860956893
 0.006953197247136376
 0.59552190668475857
 0
 0
 0
 0.13023626341915912
 0
 1.0840071442702179e-014
 6.9543830919090419e-010
 5.5959376282355898e-008
 0
 1.4222559278518375e-014
 1.8972027660938889e-013
 0.06801359356690144
 0.00069500039091263471
 0.0018182745389451254
 0.0055759061750551044
 1.5783415858271775e-007
 0.6272841165787737
 0.020893381332062928
 0.029832907117898464
 1.330017093382746e-014
 3.4294856171051961e-013
 5.1056304015548599e-015
 6.9060932109201238e-006
 3.7312672076629531e-015
 0.013182265480401538
 8.6679491066947198e-005
 2.3107881126532912e-014
 4.324350747571513e-015
 6.4319706404181543e-014
 0
 0.48401130812583798
 7.5092143883500522e-011
 4.3836437417882133e-006
 0
 1.1799072926504814e-006
 0.0029842112194007455
 0
 0
 0
 0
 0
 0
 0
 0
 0
 0
 0.0014972433516951158
 0
 0
 0
 0
 0
 0
 0.76182707283018858
 0.041600480988765391
 0
 0
 0
 0
 0
 0
 0.3880243630488982
 0.019539369501837916
 0.62318788808474967
 0
 0
 0
 0
 2.1247840899361563e-013
 0
 0
 0
 0
 0
 3.2022742016965682e-014
 0
 0
 0
 0
 0
 0
 1.8032079970676252e-014
 0
 0
 0
 2.9237373442501204e-015
 0
 0
 0
 0
 0
 0
 0
 0
 0.23301715086055375
 6.9821135141379268e-015
 0
 0
 0.0093946326504069956
 0
 0
 0
 1.5073493011643042e-011
 0
 0
 0
 0
 1.2834515500923294e-015
 0
 2.0291964471435265e-015
 0
 0
 0
 0
 0
 8.6791667197862824e-016
 0
 0
 0
 0
 0
 0
 0
 0
 2.6254313483516508e-009
 0
 0.038818262720348426
 0.1024617741768299
 0
 0.0038560055684234195
 0
 0
 0
 3.6297332694719513e-005
 1.0542728774001042
 0.0012014943833050945
 0
 0
 0
 1.9515939787825229e-015
 6.9121310204332041e-015
 5.8227229650303089e-009
 0
 2.788189508921816e-008
 1.2351549257591796e-011
 1.7371953589722281e-008
 0
 0.82253996004315177
 0.76832718976065872
 1.1412573654246779e-005
 1.6282960261315623e-014
 1.8639292774931591e-010
 0.0001292588468319499
 1.9164130020367732e-007
 1.0357563068947733e-015
 0
 3.849501131645117e-011
 0
 0.36276137610997977
 2.1627556924454801e-013
 1.5517057488201628e-010
 0
 0.094487726328265867
 0
 1.0494085260560448e-007
 2.0321469045057593e-011
 0.00080933243476113059
 4.484145241931202e-011
 0.3250816061959661
 0.19309191964456213
 0.001796165607994209
 1.0770506295963603e-006
 2.6308201080926093e-015
 1.2985409938404845e-010
 2.8840122570935575e-010
 7.6423686618124963e-008
 0
 6.2991998213552077e-013
 0
 0
 0.038291455954222141
 1.1654951242283342
 0.00043709790671464657
 0
 0
 0
 0
 2.6254262186854601e-009
 0.0032520364536597376
 0.83699697125142869
 0.26846296101990064
 0.58251562471865026
 0
 0
 0
 0.59552190668864369
 0
 0.080969417749899464
 0.19585454975543928
 1.2392966636478056
 0.23526234782879099
 0
 0.62318788763393207
 1.0357490570708534
 0.51204455711487828
 4.0224583027092598e-015
 0.58970547776676041
 0.87677172399657632
 0.39771326523932982
 1.1870985385839461e-015
 0.2622768438975166
 1.3206070927635261
 0.81107710832536994
 0.55352314133330704
 1.3805164597263124
 3.5846215002233025e-008
 6.694729991870006e-014
 0.90763148706468066
 0.009285009575849882
 0
 1.1628423938043371
 1.618437504510166e-016
 1.4002153237308592
 0
 0.98908581197299339
 0
 0.65918764055007084
 1.3893074918746262
 2.9809565740625454e-014
 3.4941405214184686e-005
 0.73981498963424464
 0.10019897804204823
 0.11119538936084986
 0.40445814058022289
 0.86477332065604473
 2.2294196748358182e-010
 1.1240071806575829
 0.47498058351610306
 0.23756022074940186
 8.596413847465696e-008
 0.030965910425346528
 0.97037730973590253
 0.6408942674726017
 3.4275607450141766e-016
 0.63369254679968989
 0.29938176382905402
 0.89408835687143373
 0.91110954540147182
 0
 0.59871049860954051
 0.38802436304886068
 0
 0.8369969712512858
 0.012714656341084206
 1.277442333686194
 2.0024053107942567e-013
 0.58251562471776852
 0.1024617741882467
 0
 0.0069531972470953185
 0
 0.16195311452126324
 0.83041535401358868
 0.76202465993279567
 0.076629075006149253
 0
 0.019539369501554354
 1.3897985759016334
 0.0092864987224452328
 0.0068608760287970725
 1.3045518275574008
 0.097923032320532108
 0.66326551815871582
 0.014561244153689781
 0.029487548908675242
 0.12416134420608194
 0.11649733891528602
 0.021880803670884536
 0.014172281010768043
 0.67375277167820691
 0.29771324380480635
 0.011157598455160624
 0.018869997988820358
 0.0025387691809864868
 1.4133294348129355
 0.0039986011397294676
 1.3455025149242394
 0.0039986011399671655
 1.4133294348127627
 0.002538769181054521
 1.3461229025869885
 0.011157598455197247
 0.29771324377900238
 0.6737527716635815
 0.014172281010757909
 0.021880803670965284
 0.11649733891535351
 0.12416134420553201
 0.018869997988795725
 0.01456124415381437
 0.66326551817317092
 0.097923032314434347
 1.3045518275697559
 0.0068608760290459255
 0.0092864987233237453
 1.389798575903805
 0.029487548858571619
 0
 0.076629075003872046
 0.76202465993202917
 0.83041535401243327
 0.16195311451881239
 0
 0.0069531972471441389
 0.019539369501846492
 0.0388182627202842
 0.26846296101987699
 1.2774423336861873
 1.3191839390812683
 1.2774423336859155
 0.26846296101947276
 0.038818262720161964
 2.8742742158063363e-014
 0.59871049860514691
 0
 0.91110954532602217
 0.89408835687167154
 0.29938176382940795
 0.6336925466688591
 0
 0.38802436303763438
 0.97037730970744307
 0.030965910423079369
 5.0099238179585699e-011
 0.23756022084658018
 0.4749805835324718
 1.12400718065203
 2.3798085079487611e-010
 0.64089426746883293
 0.40445814058497292
 0.1111953893531283
 0.10019897804243423
 0.73981498963395109
 3.4946253410292025e-005
 7.7764992165800002e-011
 1.3893074918761226
 0.86477332064810786
 0
 0.98908581154533681
 0
 1.4002153237293624
 0
 1.162842393902662
 0
 0.65918764054998169
 0.90763148710511088
 2.3456145156547848e-013
 2.6977094410355151e-008
 1.3805164597245845
 0.55352314131297808
 0.8110771083192877
 1.3206070927665903
 0.0092850095760457184
 5.3317442128381734e-015
 0.39771326536822244
 0.87677172402011649
 0.58970547777471927
 1.2995387625919082e-015
 0.51204455711175612
 1.035749056733823
 0.26227684389821332
 0
 0.23526234783305131
 1.2392966636473446
 0.19585454975497213
 0.080969417845838512
 0
 0.59552190668464489
 0.62318788808417491
 0.10246177417688926
 0.58251562471844276
 1.942571399966874e-013
 1.2774423336859455
 0.012714656341118902
 0.83699697125054218
 0
 0
 0
 0
 0
 0.00043709793534139196
 1.1654951242309497
 0.038291620636181932
 0
 0
 2.1838191101445581e-012
 0
 3.8342548689451859e-007
 1.0718353977878837e-010
 1.2921965547522662e-010
 0
 1.0756696089730232e-006
 0
 0.1930919187077737
 0.32508160628306304
 1.7335754291932491e-011
 0.00080933097103074142
 1.0420109034539191e-011
 1.1488612698990225e-007
 0
 0.0017960967073684234
 4.1773754966610161e-015
 1.7657242754657205e-010
 0
 0.36276137610977632
 8.6547257905914714e-015
 3.5728379407169986e-011
 0
 0.094487726327670163
 1.9310843841589811e-007
 0.001109602931211439
 6.9295411274623338e-015
 7.4991893220967548e-015
 1.1412568518584057e-005
 0.76832718726322891
 0.82253998004972506
 1.4171960425231805e-013
 5.2242294278936962e-009
 4.1680108935872355e-011
 2.9412073529009453e-008
 1.4676375744040777e-015
 6.2772786498282939e-009
 1.7640752578457724e-013
 1.4121688089790737e-013
 0
 0
 0
 0.0012014943830913406
 1.0542728773961878
 3.6297336416131702e-005
 0
 0
 0
 0
 0
 0.58251562471777429
 0.26846296101947392
 0.83699697125047212
 0.0032520364536391864
 2.6252733879988908e-009
 0
 0
 0
 0
 0
 0
 0
 6.8715943149376825e-011
 0
 0
 0
 0
 0
 1.8413058067847642e-015
 2.3490377845591302e-014
 0
 0
 0
 0
 0
 2.0201899441630058e-011
 0
 0
 0
 0
 0
 0
 3.6234452523365498e-013
 0.23301715203583592
 0
 0
 0
 0.0093946326631858812
 0
 3.1031676915590914e-017
 0
 0
 6.5544274023362533e-015
 0
 0
 0
 8.7641718612787075e-015
 0
 0
 0
 0
 0
 0
 0
 0
 0
 0
 0
 0
 9.1340727603219283e-016
 0
 0
 0.0038560055684224155
 0
 0.10246177418826601
 0.03881826272016093
 0
 2.6252848804290467e-009
 0
 0
 0
 0
 0
 0
 0
 0
 0
 0
 0
 0
 0
 5.3262508465921863e-016
 0
 0
 0
 0
 0
 0
 0
 0
 0
 0
 0
 0
 0
 0
 0
 0
 0
 0
 0
 0
 0
 0
 0
 0
 0
 0
 0
 0
 0
 0
 0
 0
 0
 0
 0
 0
 2.8928135505799764e-015
 0
 0
 0
 0
 0
 0
 0
 0
 0
 0
 2.9960286614832849e-014
 0
 0
 0
 3.2487068343022352e-015


